300.0 1.00842e-09
310.0 1.23263e-09
320.0 0.00000e+00
330.0 3.81798e-10
340.0 0.00000e+00
350.0 7.21857e-11
360.0 1.24075e-11
370.0 3.48321e-11
380.0 6.46439e-11
390.0 3.87840e-12
400.0 3.23625e-11
410.0 5.95030e-11
420.0 8.44278e-11
430.0 1.02640e-10
440.0 1.11606e-10
450.0 1.13126e-10
460.0 1.35726e-10
470.0 1.48327e-10
480.0 1.53287e-10
490.0 1.46817e-10
500.0 1.57780e-10
510.0 1.66658e-10
520.0 1.75563e-10
530.0 1.65807e-10
540.0 1.60132e-10
550.0 1.77614e-10
560.0 1.72477e-10
570.0 1.77459e-10
580.0 1.68491e-10
590.0 1.72130e-10
600.0 1.79502e-10
610.0 1.78031e-10
620.0 1.85182e-10
630.0 1.78570e-10
640.0 1.77726e-10
650.0 1.75003e-10
660.0 1.69912e-10
670.0 1.62713e-10
680.0 1.70078e-10
690.0 1.63924e-10
700.0 1.50712e-10
710.0 1.52409e-10
720.0 1.46029e-10
730.0 1.48789e-10
740.0 1.33849e-10
750.0 1.31453e-10
760.0 1.28175e-10
770.0 1.17678e-10
780.0 9.86808e-11
790.0 1.06552e-10
800.0 9.18284e-11
810.0 1.05503e-10
820.0 9.38989e-11
830.0 8.92216e-11
840.0 7.43158e-11
850.0 7.23287e-11
860.0 6.43158e-11
870.0 6.55173e-11
880.0 6.50092e-11
890.0 6.46208e-11
900.0 6.19216e-11
910.0 4.80677e-11
920.0 5.52718e-11
930.0 5.56980e-11
940.0 4.76029e-11
950.0 3.28752e-11
960.0 3.06542e-11
970.0 4.64569e-11
980.0 3.16082e-11
990.0 5.01919e-11
1000.0 1.10837e-11
