400.0 1.24208e-10
405.0 1.76759e-10
410.0 1.56360e-10
415.0 1.89204e-10
420.0 1.63398e-10
425.0 1.82297e-11
430.0 1.43187e-10
435.0 2.03102e-10
440.0 2.26798e-10
445.0 2.37763e-10
450.0 2.47714e-10
455.0 2.58614e-10
460.0 2.68828e-10
465.0 2.78280e-10
470.0 2.85824e-10
475.0 2.93328e-10
480.0 3.01268e-10
485.0 3.07684e-10
490.0 3.13105e-10
495.0 3.17896e-10
500.0 3.21674e-10
505.0 3.24986e-10
510.0 3.28063e-10
515.0 3.30409e-10
520.0 3.32312e-10
525.0 3.33902e-10
530.0 3.35626e-10
535.0 3.36773e-10
540.0 3.38037e-10
545.0 3.38681e-10
550.0 3.39999e-10
555.0 3.40068e-10
560.0 3.40534e-10
565.0 3.41042e-10
570.0 3.41103e-10
575.0 3.41506e-10
580.0 3.41577e-10
585.0 3.42191e-10
590.0 3.42585e-10
595.0 3.42580e-10
600.0 3.42622e-10
605.0 3.42295e-10
610.0 3.42251e-10
615.0 3.41832e-10
620.0 3.41296e-10
625.0 3.41120e-10
630.0 3.40658e-10
635.0 3.39877e-10
640.0 3.39399e-10
645.0 3.37951e-10
650.0 3.36548e-10
655.0 3.34945e-10
660.0 3.32894e-10
665.0 3.32729e-10
670.0 3.30624e-10
675.0 3.28926e-10
680.0 3.25946e-10
685.0 3.23985e-10
690.0 3.21652e-10
695.0 3.18858e-10
700.0 3.16347e-10
705.0 3.12069e-10
710.0 3.08466e-10
715.0 3.04419e-10
720.0 3.00095e-10
725.0 2.94203e-10
730.0 2.89613e-10
735.0 2.83894e-10
740.0 2.77640e-10
745.0 2.72421e-10
750.0 2.66558e-10
755.0 2.59664e-10
760.0 2.52614e-10
765.0 2.47073e-10
770.0 2.40280e-10
775.0 2.32423e-10
780.0 2.25729e-10
785.0 2.18806e-10
790.0 2.11863e-10
795.0 2.05828e-10
800.0 2.00352e-10
805.0 1.94466e-10
810.0 1.89248e-10
815.0 1.85385e-10
820.0 1.84108e-10
825.0 1.82701e-10
830.0 1.78163e-10
835.0 1.71294e-10
840.0 1.64759e-10
845.0 1.57569e-10
850.0 1.50504e-10
855.0 1.44904e-10
860.0 1.40445e-10
865.0 1.36614e-10
870.0 1.34012e-10
875.0 1.33066e-10
880.0 1.32435e-10
885.0 1.30587e-10
890.0 1.25583e-10
895.0 1.21181e-10
900.0 1.17603e-10
905.0 1.14089e-10
910.0 1.10569e-10
915.0 1.07656e-10
920.0 1.04926e-10
925.0 9.94324e-11
930.0 9.46068e-11
935.0 9.12044e-11
940.0 8.92292e-11
945.0 8.67636e-11
950.0 8.44575e-11
955.0 8.17227e-11
960.0 7.91185e-11
965.0 7.75588e-11
970.0 7.62303e-11
975.0 7.59203e-11
980.0 7.52576e-11
985.0 7.30684e-11
990.0 7.11675e-11
995.0 6.99193e-11
1000.0 6.63640e-11
